chuanliang
-0.08237602561712265
0.07106608152389526
0.0661928579211235
-0.008728758431971073
-0.05164479836821556
-0.08035244047641754
-0.11783912032842636
-0.13581836223602295
0.08744916319847107
-0.08109166473150253
0.2912346124649048
-0.043341513723134995
-0.20492498576641083
-0.18031169474124908
-0.02621041238307953
0.1936420500278473
-0.18174605071544647
-0.10354381799697876
-0.04510323703289032
-0.01452320534735918
0.12017828971147537
0.016000879928469658
0.03512788936495781
0.04365583509206772
-0.0352327860891819
-0.400582492351532
-0.10325856506824493
-0.09157219529151917
0.054536715149879456
-0.06837616860866547
-0.0919475182890892
0.03174765780568123
-0.20847561955451965
-0.08123107254505157
0.030220404267311096
0.07324334233999252
-0.04360275715589523
-0.07570131123065948
0.14130890369415283
-0.028673717752099037
-0.1845141053199768
0.04384146258234978
0.0119257727637887
0.19730977714061737
0.17316225171089172
0.04153626412153244
0.08674018830060959
-0.12601062655448914
0.13418827950954437
-0.10709402710199356
0.0160415917634964
0.17133276164531708
0.14104074239730835
0.0784856379032135
0.008905880153179169
-0.10874153673648834
-0.003966376185417175
0.13360123336315155
-0.13306072354316711
0.03454791009426117
0.06520366668701172
-0.11111730337142944
-0.02292032539844513
-0.098594069480896
0.19391250610351562
0.0279246773570776
-0.12200058996677399
-0.1752166897058487
0.10989019274711609
-0.11230042576789856
-0.06538137048482895
0.05693543329834938
-0.19254352152347565
-0.19214290380477905
-0.30182725191116333
0.04034529626369476
0.35396021604537964
0.05519783869385719
-0.19384299218654633
0.05760013312101364
-0.04804355651140213
-0.008167069405317307
0.08630765229463577
0.1572701334953308
0.03342343866825104
0.03392313793301582
-0.08721356093883514
0.009561318904161453
0.20022377371788025
-0.09522701054811478
-0.002632393501698971
0.20601321756839752
-0.037023939192295074
0.11510270088911057
0.011768297292292118
0.006989688146859407
-0.03034093603491783
0.03606092929840088
-0.06309855729341507
0.03701408579945564
-0.03204401955008507
-0.056741613894701004
-0.027576366439461708
0.011280551552772522
-0.06350895762443542
0.08201625198125839
0.011199386790394783
0.08544641733169556
-0.000564022921025753
-0.018888773396611214
-0.10983483493328094
-0.10476315021514893
0.08558375388383865
-0.23497803509235382
0.2648905813694
0.20433160662651062
0.0977025032043457
0.12945771217346191
0.06986262649297714
0.11555787920951843
-0.016326386481523514
-0.05439891666173935
-0.1784730702638626
-0.03238844498991966
0.11534816771745682
0.013269352726638317
0.03335914760828018
-0.033137526363134384
Shennan
-0.04720497131347656
0.03492872416973114
0.046956323087215424
-0.00886561069637537
-0.10153785347938538
0.022808002308011055
-0.13575907051563263
-0.11452989280223846
0.143453449010849
-0.1417037695646286
0.23990175127983093
-0.0070823850110173225
-0.20120127499103546
-0.04085768386721611
-0.05140945315361023
0.1863267868757248
-0.19541050493717194
-0.07879222184419632
-0.06414524465799332
-0.03274233639240265
0.02457612380385399
0.010406027548015118
0.0362655334174633
0.007832370698451996
-0.06063006445765495
-0.32003024220466614
-0.10105887800455093
-0.0887301117181778
0.01939169503748417
-0.07096101343631744
-0.039094239473342896
0.028043750673532486
-0.11799950152635574
-0.03981409966945648
0.02083759941160679
0.053022339940071106
-0.08019787073135376
-0.06288047134876251
0.20885217189788818
0.002150369808077812
-0.20923341810703278
0.012345883995294571
0.015202689915895462
0.23919016122817993
0.20197172462940216
0.05428002029657364
0.01931639574468136
-0.1334683746099472
0.13271625339984894
-0.17894206941127777
0.043570566922426224
0.19316378235816956
0.055566031485795975
0.06381750106811523
-0.017159590497612953
-0.06737369298934937
0.069398432970047
0.11344067752361298
-0.11746156215667725
0.02430977113544941
0.14653924107551575
-0.12326185405254364
-0.05094393342733383
-0.0015935942064970732
0.20190276205539703
0.08681267499923706
-0.09075166285037994
-0.2205178439617157
0.11691343039274216
-0.10962943732738495
-0.13252873718738556
0.029249543324112892
-0.18417440354824066
-0.193568617105484
-0.25815653800964355
-0.011454926803708076
0.4438025653362274
0.06190963834524155
-0.15276579558849335
0.09703859686851501
-0.047521911561489105
-0.0700642541050911
0.12860345840454102
0.18630342185497284
0.016385266557335854
-0.040336113423109055
-0.07450705021619797
0.023989103734493256
0.19803692400455475
-0.10047128796577454
-0.0100101288408041
0.18780405819416046
0.0021473346278071404
0.03705897182226181
0.04947315901517868
0.06213793158531189
-0.06376244127750397
0.07831907272338867
-0.12634094059467316
-0.06300429999828339
0.11434768885374069
-2.4528242647647858e-05
0.03130369260907173
0.04711703211069107
-0.13339470326900482
0.21805930137634277
-0.0006549586541950703
0.06875947117805481
0.12269578874111176
-0.05503242835402489
-0.09916868805885315
-0.049155093729496
0.19535228610038757
-0.17651891708374023
0.19693537056446075
0.14457443356513977
0.10859669744968414
0.10325732827186584
0.14329421520233154
0.13375484943389893
-0.0017788577824831009
0.005228810012340546
-0.2660055160522461
-0.03761965408921242
0.02930421382188797
0.012909522280097008
0.05651906877756119
0.018132425844669342
Binge
-0.0981689840555191
0.058505378663539886
-0.0003974973224103451
-0.00142846186645329
-0.11266101151704788
-0.08882898092269897
-0.07466823607683182
-0.1035396158695221
0.08735489100217819
-0.08192717283964157
0.19971299171447754
-0.09245739132165909
-0.18280558288097382
-0.0647958368062973
-0.054965436458587646
0.18832182884216309
-0.24403737485408783
-0.11515677720308304
-0.049446072429418564
-0.010576573200523853
0.10265745967626572
-0.03004469908773899
0.012935547158122063
-0.002518812892958522
-0.05380608141422272
-0.3757610023021698
-0.08355170488357544
-0.0848785862326622
0.08972688764333725
-0.0062405625358223915
-0.05220456421375275
0.033087357878685
-0.1512933373451233
-0.09830234944820404
0.06249098479747772
0.10375061631202698
-0.018010323867201805
-0.04375091940164566
0.21067850291728973
0.0013388823717832565
-0.19060897827148438
0.020479707047343254
0.043361954391002655
0.23529557883739471
0.1931144744157791
0.14393307268619537
0.05546686798334122
-0.1416933387517929
0.15578269958496094
-0.20153029263019562
0.060437604784965515
0.14338718354701996
0.07609166204929352
0.07270413637161255
0.01491466723382473
-0.0971439778804779
0.07945577800273895
0.08552077412605286
-0.14788788557052612
0.01226772740483284
0.12948021292686462
-0.07689110934734344
-0.0034242067486047745
-0.04350864142179489
0.2441539168357849
0.03403826802968979
-0.05910177901387215
-0.14495405554771423
0.1512218862771988
-0.1408328115940094
-0.13533641397953033
-0.014307785779237747
-0.10789836198091507
-0.12183922529220581
-0.3253438472747803
-0.008307430893182755
0.4522481858730316
0.0848466008901596
-0.13778840005397797
0.0670035183429718
-0.02095247432589531
-0.05896228179335594
0.16037315130233765
0.11525455862283707
-0.062299080193042755
-0.007733872160315514
-0.12672995030879974
-0.02420051395893097
0.24698950350284576
-0.08738452196121216
-0.013661087490618229
0.15396741032600403
0.007492183707654476
0.09143078327178955
0.0645996704697609
0.04211718961596489
-0.08249039947986603
0.04249773174524307
-0.10154657065868378
-0.06923509389162064
0.1421351134777069
-0.05834658443927765
0.011536099016666412
0.10201731324195862
-0.16276727616786957
0.11698442697525024
-0.06822255253791809
0.04628542810678482
0.03978844732046127
-0.028778977692127228
-0.09170328825712204
-0.045313455164432526
0.13191188871860504
-0.15274788439273834
0.19773828983306885
0.2059653252363205
0.050605807453393936
0.10597547888755798
0.1243591159582138
0.07922300696372986
-0.017809689044952393
0.013981211930513382
-0.23705904185771942
-0.07987327873706818
0.06083259359002113
0.046484626829624176
0.06631632149219513
0.04452476650476456
Sunning
-0.038616567850112915
0.06676064431667328
0.01294218935072422
-0.039735980331897736
-0.042857687920331955
-0.05206729844212532
-0.03136532008647919
-0.18751594424247742
0.0941847413778305
-0.09958431124687195
0.220481276512146
-0.053782038390636444
-0.13846652209758759
-0.16921177506446838
-0.05286557972431183
0.14977684617042542
-0.21432271599769592
-0.11327086389064789
-0.03670233488082886
-0.010535664856433868
0.05970803275704384
-0.05687042698264122
0.06603740900754929
-0.001581994816660881
-0.05347830802202225
-0.3304910957813263
-0.10554404556751251
-0.14569388329982758
0.09989451617002487
0.035241518169641495
-0.04164905846118927
0.023350868374109268
-0.1727590709924698
-0.05671831592917442
0.02255777269601822
0.059143222868442535
-0.010044834576547146
-0.0351627878844738
0.21035365760326385
-0.028010033071041107
-0.15237341821193695
0.022440403699874878
0.019838973879814148
0.25197723507881165
0.20161128044128418
0.03261610493063927
0.06712159514427185
-0.14609003067016602
0.17765578627586365
-0.14155611395835876
0.026710012927651405
0.10553985834121704
0.0780271589756012
0.0390843003988266
0.023873034864664078
-0.10076284408569336
0.07563398778438568
0.07734858244657516
-0.15758471190929413
0.0313173308968544
0.1120905950665474
-0.03846977278590202
-0.06111107021570206
-0.05978405475616455
0.23585210740566254
0.048587616533041
-0.10408798605203629
-0.16650733351707458
0.1368436962366104
-0.13326427340507507
-0.03861217573285103
0.011210770346224308
-0.16798396408557892
-0.12671373784542084
-0.30587252974510193
-0.010221857577562332
0.4112825393676758
0.11339908838272095
-0.14788946509361267
0.0488724559545517
-0.09361933916807175
0.0208272784948349
0.19738535583019257
0.10020103305578232
-0.035711418837308884
0.0305805504322052
-0.10775039345026016
0.0027555543929338455
0.17420288920402527
-0.11509539186954498
-0.03309245780110359
0.1730552613735199
-0.034165363758802414
0.09494402259588242
-0.0045488374307751656
-0.009184361435472965
-0.06299258023500443
0.09371164441108704
-0.14153647422790527
0.026049386709928513
0.0632992833852768
-0.03967136889696121
0.056197360157966614
0.0830364003777504
-0.14029128849506378
0.07797513157129288
-0.007534238509833813
0.07281282544136047
0.04679746925830841
-0.05449265241622925
-0.13364177942276
-0.04832613840699196
0.1274918019771576
-0.2064354121685028
0.20120540261268616
0.18207277357578278
0.06547984480857849
0.08718996495008469
0.1395655870437622
0.05921335890889168
-0.027005087584257126
-0.01608000323176384
-0.2311660349369049
0.0075370194390416145
0.06413774192333221
0.010366342961788177
0.0491393581032753
-0.0013758260756731033
Gaoshuai
-0.1312602013349533
0.14358067512512207
0.024006646126508713
-0.05292239040136337
-0.07499198615550995
-0.05518849939107895
-0.042210374027490616
-0.18581001460552216
0.1447751820087433
-0.10435359925031662
0.2297162115573883
-0.004494374617934227
-0.1986018568277359
-0.14198392629623413
-0.05791891738772392
0.19363974034786224
-0.20801495015621185
-0.1025562733411789
-0.019941434264183044
-0.001070917584002018
0.09879115968942642
-0.004282823763787746
0.06343347579240799
0.03256579488515854
-0.09936576336622238
-0.305450975894928
-0.13128305971622467
-0.10550488531589508
0.015923622995615005
-0.01818951778113842
0.0015225494280457497
-0.04372726008296013
-0.17796671390533447
-0.060540229082107544
-0.022873256355524063
0.0629609003663063
-0.016605759039521217
-0.036010585725307465
0.17036110162734985
-0.030566679313778877
-0.19246581196784973
0.013086873106658459
0.05642528086900711
0.2614940106868744
0.21856603026390076
0.04848271235823631
0.044546883553266525
-0.12762649357318878
0.15948271751403809
-0.19504255056381226
0.03126659244298935
0.06483940780162811
0.10312984138727188
0.05303269624710083
-0.01741941273212433
-0.09545968472957611
0.05686027556657791
0.139251247048378
-0.19209137558937073
0.04437888413667679
0.1432233303785324
-0.06467907875776291
-0.04606080427765846
-0.0016317017143592238
0.29371756315231323
0.10621842741966248
-0.18359054625034332
-0.12018238753080368
0.10366610437631607
-0.1637416034936905
-0.06803041696548462
0.011965070851147175
-0.1330941617488861
-0.17225381731987
-0.3359900712966919
0.01786161959171295
0.4314019978046417
0.1170286238193512
-0.18081416189670563
0.0033253831788897514
-0.09501603990793228
0.07520905137062073
0.1648585945367813
0.13893507421016693
-0.0325787290930748
-0.00720593798905611
-0.13865654170513153
-0.01077946275472641
0.20613887906074524
-0.08221299946308136
-0.041522715240716934
0.26849299669265747
0.021704737097024918
0.11215098947286606
-0.012795643880963326
0.07204150408506393
-0.0751911923289299
0.041948698461055756
-0.09026066958904266
0.034318745136260986
0.051972754299640656
-0.0135336983948946
0.03610813990235329
0.09084165096282959
-0.1064276397228241
0.169437438249588
0.00784118939191103
0.10657414048910141
0.035777006298303604
-0.025910213589668274
-0.11516574025154114
-0.06387977302074432
0.10934891551733017
-0.19448484480381012
0.2213689386844635
0.15384328365325928
-0.006508499849587679
0.1253897249698639
0.1397382915019989
0.1067158505320549
-0.026126105338335037
-0.013632750138640404
-0.1830756962299347
-0.013146704994142056
0.09814535081386566
-0.061949361115694046
0.14981615543365479
0.012646304443478584
lipingfan
-0.10946961492300034
0.05804973840713501
0.007019497454166412
-0.053559113293886185
-0.062382474541664124
-0.057068657130002975
-0.050252314656972885
-0.16120564937591553
0.11813803017139435
-0.06291615217924118
0.25568315386772156
-0.071650430560112
-0.16294312477111816
-0.2040896862745285
-0.04009430482983589
0.16269421577453613
-0.16359129548072815
-0.174420565366745
-0.035538673400878906
-0.0034074410796165466
0.11790591478347778
-0.03326745331287384
0.00979062169790268
0.03875575214624405
-0.11930794268846512
-0.31796887516975403
-0.08611861616373062
-0.10177767276763916
0.02317948453128338
-0.046434640884399414
-0.029648596420884132
0.05335185304284096
-0.21899859607219696
-0.07454831153154373
0.0430573970079422
0.09756701439619064
-0.03080458752810955
-0.0546557754278183
0.19762450456619263
-0.056159552186727524
-0.19276070594787598
-0.0098032858222723
0.04369338974356651
0.2228178232908249
0.1774802803993225
-0.007489511743187904
0.054150357842445374
-0.15864349901676178
0.15918679535388947
-0.08757709711790085
0.030418038368225098
0.18615883588790894
0.10771346837282181
0.07832223176956177
0.008593814447522163
-0.10240905731916428
0.05000083148479462
0.14839914441108704
-0.10641289502382278
0.005850043147802353
0.09288644045591354
-0.07722444832324982
-0.03980928659439087
-0.10996726155281067
0.200942263007164
0.004517644643783569
-0.10267764329910278
-0.1988396942615509
0.12387190014123917
-0.06646335124969482
-0.08015701174736023
0.05839014798402786
-0.20705574750900269
-0.18863452970981598
-0.29797297716140747
0.02673156186938286
0.36167624592781067
0.06684678047895432
-0.22796472907066345
0.07084456831216812
-0.04904675856232643
0.010741516947746277
0.14734746515750885
0.13047437369823456
0.019470706582069397
0.03719336539506912
-0.11870641261339188
0.0026181936264038086
0.21314358711242676
-0.08620800822973251
-0.011030010879039764
0.1522749364376068
-0.022081054747104645
0.074997678399086
0.025113679468631744
-0.01194281131029129
-0.05094566196203232
0.10433706641197205
-0.11123472452163696
0.02164897508919239
0.027767091989517212
-0.008570583537220955
0.0058717019855976105
0.07770594954490662
-0.06341834366321564
0.10774851590394974
0.03335747495293617
0.09276854246854782
-0.03253538906574249
-0.06479329615831375
-0.09596341103315353
-0.07305275648832321
0.08709453791379929
-0.18982842564582825
0.2359117716550827
0.12560780346393585
0.08246195316314697
0.11535490304231644
0.1263001710176468
0.11144311726093292
-0.021219879388809204
0.0008544661104679108
-0.21108850836753845
0.022641029208898544
0.1198878288269043
0.014449795708060265
0.08150468021631241
-0.016113847494125366
